Array Shape: (100,)

[0.         0.34857685 0.44805063 0.52309279 0.57404704 0.62266899
 0.65841452 0.68905399 0.71103438 0.73279255 0.74999997 0.76376523
 0.77431123 0.78774438 0.79928976 0.80961379 0.82104855 0.82915201
 0.83781159 0.84669184 0.85168728 0.86012445 0.8651205  0.87078242
 0.87588878 0.8825494  0.88676756 0.89154102 0.89553726 0.89997855
 0.90308664 0.90575109 0.90997017 0.91341134 0.91718536 0.92129259
 0.92429012 0.92839747 0.93128352 0.93461414 0.93716723 0.94027569
 0.9423847  0.94593699 0.94837915 0.95093255 0.95381854 0.95548391
 0.95681589 0.95948027 0.96170028 0.96403151 0.96536349 0.96702898
 0.96902707 0.97113658 0.97291282 0.97424529 0.97568825 0.97657646
 0.97790844 0.97879665 0.9796848  0.98179406 0.98290412 0.98368128
 0.98567931 0.98623437 0.98723351 0.98823252 0.98889857 0.9903416
 0.99100765 0.99122962 0.99178481 0.99278407 0.99311715 0.99367216
 0.99444925 0.99478234 0.99511537 0.99533734 0.99567037 0.99644759
 0.99644759 0.99678068 0.99700271 0.99722475 0.99744673 0.99766876
 0.99800179 0.99822389 0.99833488 0.99888994 0.99933401 0.99955599
 0.99977802 1.         1.         1.        ]