Array Shape: (5, 100)

[[0.         0.32241953 0.42064373 0.51664817 0.56381798 0.62264151
  0.65149834 0.68479467 0.70477248 0.73140954 0.74972253 0.76470588
  0.78357381 0.79134295 0.8063263  0.81742508 0.82519423 0.83351831
  0.84295228 0.84850166 0.85349612 0.8590455  0.86126526 0.86736959
  0.87347392 0.88235294 0.88734739 0.89511654 0.89789123 0.89900111
  0.90344062 0.9045505  0.90510544 0.91176471 0.91953385 0.927303
  0.92896781 0.93063263 0.93229745 0.93340733 0.9372919  0.94173141
  0.94506104 0.94839068 0.95283019 0.95560488 0.95837958 0.95893452
  0.96115427 0.96448391 0.9672586  0.96947836 0.97225305 0.97225305
  0.97447281 0.97558269 0.97669256 0.9772475  0.98113208 0.98224195
  0.98279689 0.98335183 0.98501665 0.9872364  0.98834628 0.98890122
  0.99167592 0.99223085 0.99223085 0.99223085 0.99334073 0.99445061
  0.99500555 0.99500555 0.99500555 0.99556049 0.99556049 0.99611543
  0.99611543 0.99611543 0.99667037 0.99722531 0.99722531 0.99722531
  0.99722531 0.99722531 0.99722531 0.99778024 0.99778024 0.99778024
  0.99833518 0.99833518 0.99889012 0.99889012 0.99944506 0.99944506
  0.99944506 1.         1.         1.        ]
 [0.         0.36792453 0.43118757 0.51720311 0.5754717  0.61931188
  0.65649279 0.68978912 0.71698113 0.7436182  0.75971143 0.77081021
  0.77746948 0.79467259 0.80410655 0.81520533 0.8290788  0.83795782
  0.84350721 0.85849057 0.86126526 0.86903441 0.87291898 0.87513873
  0.87902331 0.88568257 0.89012209 0.89289678 0.89955605 0.90233074
  0.90621532 0.90788013 0.91287458 0.9145394  0.91786903 0.92008879
  0.92286349 0.93118757 0.93507214 0.93784684 0.94117647 0.94228635
  0.9445061  0.94839068 0.94950055 0.95172031 0.95504994 0.95560488
  0.95782464 0.95948946 0.96337403 0.96670366 0.9672586  0.96781354
  0.97114317 0.97169811 0.97502775 0.97558269 0.97669256 0.9772475
  0.97891232 0.97891232 0.97891232 0.97891232 0.98057714 0.98113208
  0.98168701 0.98168701 0.98168701 0.98501665 0.98557159 0.98945616
  0.99056604 0.99112098 0.99112098 0.99112098 0.99167592 0.99334073
  0.99445061 0.99500555 0.99556049 0.99556049 0.99611543 0.99667037
  0.99667037 0.99667037 0.99667037 0.99667037 0.99778024 0.99778024
  0.99833518 0.99833518 0.99833518 0.99944506 1.         1.
  1.         1.         1.         1.        ]
 [0.         0.33148251 0.47084953 0.51582454 0.57523598 0.62021099
  0.66129928 0.69239311 0.71515825 0.73459189 0.75124931 0.76790672
  0.77790117 0.78956135 0.80122154 0.80621877 0.81787896 0.82565242
  0.83564686 0.84286507 0.84897279 0.86007773 0.86951694 0.87784564
  0.87951138 0.88728484 0.89006108 0.8950583  0.89727929 0.905608
  0.90727374 0.91004997 0.91782343 0.92115491 0.92282066 0.92670738
  0.93059411 0.93448084 0.93614659 0.93947807 0.94114381 0.94280955
  0.94503054 0.94780677 0.95113826 0.95335924 0.95558023 0.95891172
  0.96002221 0.96168795 0.96279845 0.96390894 0.96446419 0.96835092
  0.96890616 0.97001666 0.97223765 0.97390339 0.97445863 0.97667962
  0.97779012 0.97945586 0.9800111  0.98056635 0.98223209 0.98389783
  0.98445308 0.98500833 0.98556358 0.98667407 0.98722932 0.98778456
  0.98833981 0.98833981 0.98945031 0.9905608  0.99167129 0.99167129
  0.99278179 0.99333703 0.99333703 0.99333703 0.99389228 0.99555802
  0.99555802 0.99666852 0.99722376 0.99722376 0.99722376 0.99722376
  0.99777901 0.99888951 0.99888951 0.99944475 1.         1.
  1.         1.         1.         1.        ]
 [0.         0.37513873 0.45227525 0.51553829 0.56714761 0.62375139
  0.66925638 0.69422863 0.7136515  0.72807991 0.74084351 0.75860155
  0.7663707  0.77580466 0.78523862 0.79522752 0.80355161 0.81465039
  0.82019978 0.83296337 0.84128746 0.85127636 0.85571587 0.8618202
  0.86903441 0.8745838  0.88068812 0.88512764 0.88956715 0.8917869
  0.89511654 0.89900111 0.90066593 0.9045505  0.90843507 0.91287458
  0.91564928 0.91897891 0.9245283  0.92841287 0.93063263 0.93340733
  0.93618202 0.94062153 0.94339623 0.94506104 0.95061043 0.95283019
  0.95394007 0.95615982 0.95837958 0.9600444  0.96226415 0.96392897
  0.96559378 0.96781354 0.96836848 0.96836848 0.96947836 0.96947836
  0.97280799 0.97391787 0.97447281 0.97835738 0.97946726 0.9800222
  0.98446171 0.98557159 0.98834628 0.98890122 0.98945616 0.9900111
  0.99056604 0.99112098 0.99167592 0.99278579 0.99278579 0.99278579
  0.99389567 0.99389567 0.99389567 0.99445061 0.99500555 0.99556049
  0.99556049 0.99611543 0.99667037 0.99667037 0.99667037 0.99722531
  0.99722531 0.99722531 0.99722531 0.99778024 0.99778024 0.99889012
  0.99944506 1.         1.         1.        ]
 [0.         0.34591893 0.46529706 0.55024986 0.58856191 0.62742921
  0.65352582 0.68406441 0.70460855 0.72626319 0.74847307 0.75680178
  0.76624098 0.78734037 0.7995558  0.81399223 0.82953914 0.83398112
  0.8467518  0.85063853 0.85341477 0.86118823 0.86618545 0.87173792
  0.87840089 0.88284287 0.8856191  0.88950583 0.89339256 0.90116602
  0.90338701 0.90727374 0.91338145 0.9150472  0.91726818 0.91948917
  0.9233759  0.92670738 0.92837313 0.9339256  0.93559134 0.94114381
  0.94114381 0.94447529 0.94503054 0.94891727 0.94947252 0.95113826
  0.95113826 0.95558023 0.95669073 0.96002221 0.96057746 0.96279845
  0.96501943 0.9705719  0.97223765 0.97612438 0.97667962 0.97723487
  0.97723487 0.97834536 0.9800111  0.98389783 0.98389783 0.98445308
  0.98611882 0.98667407 0.98833981 0.98833981 0.98889506 0.99000555
  0.9905608  0.9905608  0.99167129 0.99389228 0.99389228 0.99444753
  0.99500278 0.99555802 0.99611327 0.99611327 0.99611327 0.99722376
  0.99722376 0.99722376 0.99722376 0.99777901 0.99777901 0.99833426
  0.99833426 0.99833426 0.99833426 0.99888951 0.99944475 0.99944475
  1.         1.         1.         1.        ]]