Array Shape: (100, 2)

[[0.         0.        ]
 [0.01010101 0.53330373]
 [0.02020202 0.58048211]
 [0.03030303 0.61356208]
 [0.04040404 0.63731926]
 [0.05050505 0.65674662]
 [0.06060606 0.68449973]
 [0.07070707 0.70159721]
 [0.08080808 0.7210239 ]
 [0.09090909 0.7381199 ]
 [0.1010101  0.76121115]
 [0.11111111 0.77519876]
 [0.12121212 0.7876321 ]
 [0.13131313 0.79851137]
 [0.14141414 0.80883576]
 [0.15151515 0.81638435]
 [0.16161616 0.82604263]
 [0.17171717 0.83181535]
 [0.18181818 0.83958641]
 [0.19191919 0.8469132 ]
 [0.2020202  0.85401852]
 [0.21212121 0.86278834]
 [0.22222222 0.869671  ]
 [0.23232323 0.87688656]
 [0.24242424 0.88399132]
 [0.25252525 0.88931966]
 [0.26262626 0.89520361]
 [0.27272727 0.90186424]
 [0.28282828 0.9057498 ]
 [0.29292929 0.91252153]
 [0.3030303  0.91640684]
 [0.31313131 0.91918203]
 [0.32323232 0.9226237 ]
 [0.33333333 0.92650883]
 [0.34343434 0.9300613 ]
 [0.35353535 0.93283661]
 [0.36363636 0.93505667]
 [0.37373737 0.93927526]
 [0.38383838 0.94260557]
 [0.39393939 0.94538063]
 [0.4040404  0.94815625]
 [0.41414141 0.9519307 ]
 [0.42424242 0.95448379]
 [0.43434343 0.95659324]
 [0.44444444 0.95848089]
 [0.45454545 0.9603683 ]
 [0.46464646 0.96214466]
 [0.47474747 0.96392071]
 [0.48484848 0.96602966]
 [0.49494949 0.96813899]
 [0.50505051 0.97002627]
 [0.51515152 0.97158035]
 [0.52525253 0.97313455]
 [0.53535354 0.97446646]
 [0.54545455 0.97590979]
 [0.55555556 0.97690899]
 [0.56565657 0.97790819]
 [0.57575758 0.98001758]
 [0.58585859 0.98123887]
 [0.5959596  0.98201603]
 [0.60606061 0.98368122]
 [0.61616162 0.98456937]
 [0.62626263 0.98523548]
 [0.63636364 0.98678968]
 [0.64646465 0.98767777]
 [0.65656566 0.98923184]
 [0.66666667 0.98967579]
 [0.67676768 0.99045289]
 [0.68686869 0.99111894]
 [0.6969697  0.99178499]
 [0.70707071 0.99234006]
 [0.71717172 0.99256209]
 [0.72727273 0.99311703]
 [0.73737374 0.99356111]
 [0.74747475 0.9945603 ]
 [0.75757576 0.99478228]
 [0.76767677 0.99500438]
 [0.77777778 0.9953374 ]
 [0.78787879 0.99600352]
 [0.7979798  0.99633654]
 [0.80808081 0.99711376]
 [0.81818182 0.9976687 ]
 [0.82828283 0.9978908 ]
 [0.83838384 0.99822376]
 [0.84848485 0.99833475]
 [0.85858586 0.99922296]
 [0.86868687 0.99933395]
 [0.87878788 0.99933395]
 [0.88888889 0.99944494]
 [0.8989899  0.99955593]
 [0.90909091 0.99955593]
 [0.91919192 0.99966698]
 [0.92929293 0.99977796]
 [0.93939394 0.99988895]
 [0.94949495 1.        ]
 [0.95959596 1.        ]
 [0.96969697 1.        ]
 [0.97979798 1.        ]
 [0.98989899 1.        ]
 [1.         1.        ]]