Array Shape: (100,)

[0.         0.53330373 0.58048211 0.61356208 0.63731926 0.65674662
 0.68449973 0.70159721 0.7210239  0.7381199  0.76121115 0.77519876
 0.7876321  0.79851137 0.80883576 0.81638435 0.82604263 0.83181535
 0.83958641 0.8469132  0.85401852 0.86278834 0.869671   0.87688656
 0.88399132 0.88931966 0.89520361 0.90186424 0.9057498  0.91252153
 0.91640684 0.91918203 0.9226237  0.92650883 0.9300613  0.93283661
 0.93505667 0.93927526 0.94260557 0.94538063 0.94815625 0.9519307
 0.95448379 0.95659324 0.95848089 0.9603683  0.96214466 0.96392071
 0.96602966 0.96813899 0.97002627 0.97158035 0.97313455 0.97446646
 0.97590979 0.97690899 0.97790819 0.98001758 0.98123887 0.98201603
 0.98368122 0.98456937 0.98523548 0.98678968 0.98767777 0.98923184
 0.98967579 0.99045289 0.99111894 0.99178499 0.99234006 0.99256209
 0.99311703 0.99356111 0.9945603  0.99478228 0.99500438 0.9953374
 0.99600352 0.99633654 0.99711376 0.9976687  0.9978908  0.99822376
 0.99833475 0.99922296 0.99933395 0.99933395 0.99944494 0.99955593
 0.99955593 0.99966698 0.99977796 0.99988895 1.         1.
 1.         1.         1.         1.        ]