Array Shape: (5, 100)

[[0.         0.50665927 0.56603774 0.62153163 0.64261931 0.66981132
  0.69478357 0.71420644 0.73751387 0.7563818  0.78579356 0.79744728
  0.81132075 0.81687014 0.82241953 0.83074362 0.84073252 0.84628191
  0.85349612 0.86071032 0.86792453 0.87680355 0.8845727  0.89067703
  0.89900111 0.90621532 0.91176471 0.91620422 0.91953385 0.92563818
  0.93063263 0.93285239 0.93618202 0.94006659 0.94339623 0.94506104
  0.94506104 0.94783574 0.95172031 0.95338513 0.95671476 0.95948946
  0.96170921 0.96392897 0.96392897 0.96614872 0.9672586  0.9700333
  0.97169811 0.97502775 0.97780244 0.97835738 0.97891232 0.98057714
  0.98168701 0.98279689 0.98279689 0.98668147 0.98668147 0.98668147
  0.98945616 0.98945616 0.9900111  0.99056604 0.99167592 0.99334073
  0.99334073 0.99334073 0.99334073 0.99500555 0.99611543 0.99611543
  0.99667037 0.99667037 0.99778024 0.99889012 0.99889012 0.99944506
  0.99944506 0.99944506 0.99944506 0.99944506 0.99944506 0.99944506
  0.99944506 1.         1.         1.         1.         1.
  1.         1.         1.         1.         1.         1.
  1.         1.         1.         1.        ]
 [0.         0.55382908 0.5982242  0.62597114 0.6509434  0.66648169
  0.69200888 0.70255272 0.72641509 0.74306326 0.76193119 0.7791343
  0.79245283 0.80743618 0.82241953 0.83296337 0.84517203 0.84961154
  0.85849057 0.86403996 0.86792453 0.87735849 0.8845727  0.89622642
  0.90233074 0.90510544 0.91176471 0.92286349 0.92674806 0.93174251
  0.93784684 0.94284129 0.94339623 0.95005549 0.95394007 0.95504994
  0.9600444  0.96281909 0.96503885 0.96781354 0.96836848 0.96836848
  0.97058824 0.97058824 0.97169811 0.97225305 0.97225305 0.97391787
  0.97502775 0.97558269 0.9772475  0.9772475  0.97946726 0.98057714
  0.98113208 0.98168701 0.98279689 0.98279689 0.98335183 0.98335183
  0.98446171 0.98557159 0.98668147 0.9872364  0.98779134 0.9900111
  0.9900111  0.99056604 0.99112098 0.99112098 0.99112098 0.99112098
  0.99223085 0.99334073 0.99445061 0.99445061 0.99445061 0.99500555
  0.99611543 0.99722531 0.99722531 0.99722531 0.99722531 0.99833518
  0.99833518 0.99944506 0.99944506 0.99944506 0.99944506 0.99944506
  0.99944506 0.99944506 1.         1.         1.         1.
  1.         1.         1.         1.        ]
 [0.         0.53747918 0.58800666 0.62076624 0.64353137 0.66518601
  0.69794559 0.7229317  0.73958912 0.76124375 0.78567463 0.80288728
  0.81399223 0.82287618 0.83453637 0.84064409 0.85230428 0.85841199
  0.86229872 0.86896169 0.87895614 0.88450861 0.89283731 0.90172127
  0.90893948 0.91338145 0.92004442 0.92615214 0.92948362 0.93448084
  0.93448084 0.93670183 0.9422543  0.94558579 0.94836202 0.9516935
  0.95335924 0.95780122 0.95891172 0.95946696 0.96279845 0.96612993
  0.96724042 0.96835092 0.96946141 0.96946141 0.9705719  0.97112715
  0.97223765 0.97445863 0.97723487 0.97945586 0.98167685 0.98223209
  0.98278734 0.98389783 0.98500833 0.98778456 0.98778456 0.98945031
  0.99111605 0.99167129 0.99278179 0.99444753 0.99500278 0.99611327
  0.99611327 0.99611327 0.99611327 0.99611327 0.99611327 0.99611327
  0.99611327 0.99611327 0.99722376 0.99722376 0.99777901 0.99777901
  0.99833426 0.99833426 1.         1.         1.         1.
  1.         1.         1.         1.         1.         1.
  1.         1.         1.         1.         1.         1.
  1.         1.         1.         1.        ]
 [0.         0.53940067 0.59433962 0.62597114 0.64650388 0.66037736
  0.69311876 0.70033296 0.71587125 0.73085461 0.74583796 0.75860155
  0.76914539 0.78079911 0.7891232  0.79522752 0.80022198 0.80688124
  0.81243063 0.82186459 0.82741398 0.83684795 0.84350721 0.84961154
  0.85682575 0.86514983 0.86792453 0.87347392 0.87680355 0.88623751
  0.88790233 0.89012209 0.89400666 0.89789123 0.90066593 0.90621532
  0.90954495 0.91564928 0.92008879 0.92619312 0.92785794 0.93618202
  0.94117647 0.94339623 0.94395117 0.94506104 0.94783574 0.95005549
  0.95615982 0.95782464 0.95837958 0.96337403 0.96503885 0.96836848
  0.96947836 0.9700333  0.97114317 0.97225305 0.97391787 0.97558269
  0.97669256 0.97780244 0.97780244 0.98113208 0.98224195 0.98390677
  0.98612653 0.98779134 0.98945616 0.9900111  0.99056604 0.99112098
  0.99223085 0.99223085 0.99223085 0.99223085 0.99223085 0.99223085
  0.99278579 0.99278579 0.99389567 0.99667037 0.99667037 0.99722531
  0.99778024 0.99778024 0.99833518 0.99833518 0.99889012 0.99944506
  0.99944506 0.99944506 0.99944506 1.         1.         1.
  1.         1.         1.         1.        ]
 [0.         0.52915047 0.55580233 0.57357024 0.60299833 0.62187674
  0.64464187 0.66796224 0.68573015 0.69905608 0.72681843 0.73792338
  0.75124931 0.76457524 0.77568018 0.78234314 0.79178234 0.79789006
  0.81121599 0.81898945 0.8278734  0.8384231  0.84286507 0.84619656
  0.85285952 0.85674625 0.86451971 0.87062743 0.8761799  0.88450861
  0.89117157 0.89339256 0.89727929 0.89894503 0.90394225 0.90616324
  0.90727374 0.91227096 0.91726818 0.92004442 0.92504164 0.92948362
  0.93170461 0.93670183 0.9433648  0.94891727 0.952804   0.95446974
  0.95502499 0.95780122 0.95946696 0.95946696 0.96057746 0.96057746
  0.96446419 0.96612993 0.96779567 0.9705719  0.97445863 0.97501388
  0.97667962 0.97834536 0.97890061 0.98056635 0.98167685 0.98278734
  0.98278734 0.98445308 0.98556358 0.98667407 0.98778456 0.98833981
  0.98833981 0.98945031 0.99111605 0.99111605 0.99167129 0.99222654
  0.99333703 0.99389228 0.99500278 0.99500278 0.99611327 0.99611327
  0.99611327 0.99888951 0.99888951 0.99888951 0.99888951 0.99888951
  0.99888951 0.99944475 0.99944475 0.99944475 1.         1.
  1.         1.         1.         1.        ]]